2 0.21666666666666667 0.26180555555555557 0.052083333333333336 0.06944444444444445
2 0.4515625 0.30833333333333335 0.052083333333333336 0.06944444444444445
2 0.17239583333333333 0.8625 0.052083333333333336 0.06944444444444445
2 0.18229166666666666 0.225 0.052083333333333336 0.06944444444444445
2 0.9296875 0.51875 0.052083333333333336 0.06944444444444445
2 0.5473958333333333 0.38958333333333334 0.052083333333333336 0.06944444444444445
2 0.6453125 0.43472222222222223 0.052083333333333336 0.06944444444444445
1 0.671875 0.44722222222222224 0.052083333333333336 0.06944444444444445
2 0.34375 0.2604166666666667 0.052083333333333336 0.06944444444444445
2 0.5197916666666667 0.2875 0.052083333333333336 0.06944444444444445
2 0.478125 0.35833333333333334 0.052083333333333336 0.06944444444444445
2 0.9307291666666667 0.8590277777777777 0.052083333333333336 0.06944444444444445
1 0.16614583333333333 0.41875 0.052083333333333336 0.06944444444444445
1 0.16354166666666667 0.3090277777777778 0.052083333333333336 0.06944444444444445
2 0.1375 0.3951388888888889 0.052083333333333336 0.06944444444444445
1 0.0671875 0.6229166666666667 0.052083333333333336 0.06944444444444445
1 0.6453125 0.37430555555555556 0.052083333333333336 0.06944444444444445
2 0.8786458333333333 0.6326388888888889 0.052083333333333336 0.06944444444444445
2 0.15885416666666666 0.21666666666666667 0.052083333333333336 0.06944444444444445
2 0.5864583333333333 0.4131944444444444 0.052083333333333336 0.06944444444444445
2 0.2864583333333333 0.2972222222222222 0.052083333333333336 0.06944444444444445
1 0.9494791666666667 0.5611111111111111 0.052083333333333336 0.06944444444444445
1 0.853125 0.6416666666666667 0.052083333333333336 0.06944444444444445
1 0.9739583333333334 0.95 0.052083333333333336 0.06944444444444445
1 0.4234375 0.3541666666666667 0.052083333333333336 0.06944444444444445
1 0.16666666666666666 0.275 0.052083333333333336 0.06944444444444445
1 0.23125 0.2951388888888889 0.052083333333333336 0.06944444444444445
1 0.4078125 0.3347222222222222 0.052083333333333336 0.06944444444444445
2 0.7203125 0.46597222222222223 0.052083333333333336 0.06944444444444445
2 0.9125 0.6541666666666667 0.052083333333333336 0.06944444444444445
1 0.3234375 0.29444444444444445 0.052083333333333336 0.06944444444444445
1 0.375 0.3638888888888889 0.052083333333333336 0.06944444444444445
1 0.8515625 0.6125 0.052083333333333336 0.06944444444444445