2 0.3145833333333333 0.5416666666666666 0.052083333333333336 0.06944444444444445
2 0.28177083333333336 0.5395833333333333 0.052083333333333336 0.06944444444444445
2 0.7286458333333333 0.8145833333333333 0.052083333333333336 0.06944444444444445
2 0.5276041666666667 0.9340277777777778 0.052083333333333336 0.06944444444444445
2 0.2578125 0.5861111111111111 0.052083333333333336 0.06944444444444445
2 0.8208333333333333 0.5819444444444445 0.052083333333333336 0.06944444444444445
1 0.6854166666666667 0.7888888888888889 0.052083333333333336 0.06944444444444445
2 0.4671875 0.9243055555555556 0.052083333333333336 0.06944444444444445
2 0.1875 0.5173611111111112 0.052083333333333336 0.06944444444444445
2 0.7614583333333333 0.7305555555555555 0.052083333333333336 0.06944444444444445
1 0.3302083333333333 0.40347222222222223 0.052083333333333336 0.06944444444444445
2 0.3921875 0.7368055555555556 0.052083333333333336 0.06944444444444445
2 0.6427083333333333 0.7888888888888889 0.052083333333333336 0.06944444444444445
1 0.43333333333333335 0.7770833333333333 0.052083333333333336 0.06944444444444445
1 0.21666666666666667 0.24097222222222223 0.052083333333333336 0.06944444444444445
2 0.46822916666666664 0.18125 0.052083333333333336 0.06944444444444445
1 0.5005208333333333 0.9069444444444444 0.052083333333333336 0.06944444444444445
1 0.5682291666666667 0.8638888888888889 0.052083333333333336 0.06944444444444445
2 0.29791666666666666 0.5486111111111112 0.052083333333333336 0.06944444444444445
2 0.4734375 0.12569444444444444 0.052083333333333336 0.06944444444444445
2 0.27239583333333334 0.2152777777777778 0.052083333333333336 0.06944444444444445
2 0.7760416666666666 0.6333333333333333 0.052083333333333336 0.06944444444444445
1 0.325 0.2 0.052083333333333336 0.06944444444444445
1 0.3338541666666667 0.6541666666666667 0.052083333333333336 0.06944444444444445
2 0.27239583333333334 0.2902777777777778 0.052083333333333336 0.06944444444444445
1 0.4661458333333333 0.15486111111111112 0.052083333333333336 0.06944444444444445
2 0.48385416666666664 0.8875 0.052083333333333336 0.06944444444444445
2 0.36302083333333335 0.51875 0.052083333333333336 0.06944444444444445
1 0.4765625 0.12013888888888889 0.052083333333333336 0.06944444444444445
2 0.3328125 0.5534722222222223 0.052083333333333336 0.06944444444444445